"rho","theta","prop.ad","prop.nd.tau","ATE.T2.ad","ATE.T2.nd","ATE.T1.ad","med.ATE.T2.ad","med.ATE.T2.nd","med.ATE.T1.ad"
0,0.666666666666667,0.43391408,0.08874907,-3.94682379212948,-2.27693451192432,-1.14562146674336,-7.08492315233585,-1.49559023500692,-0.653355591325561
0.100000000000001,0.666666666666667,0.43400084,0.08882144,-3.94615550494344,-2.26258798340665,-1.14743625740795,-7.09911395588326,-1.48692112446786,-0.65495199639594
0.200000000000003,0.666666666666667,0.43407406,0.0889596,-3.94710364562498,-2.24283579504909,-1.15051440880337,-7.1160991628845,-1.47420648323857,-0.657433324580522
0.299999999999997,0.666666666666667,0.43405539,0.08901096,-3.94827499813197,-2.22150101227106,-1.15347427332357,-7.13370655584599,-1.4612260834695,-0.659987278658335
0.399999999999999,0.666666666666667,0.43412055,0.08909534,-3.94835850159727,-2.2031601750832,-1.15665190139326,-7.15012782885887,-1.45042417247164,-0.662908691265111
0.5,0.666666666666667,0.43424089,0.08915394,-3.94942003184675,-2.1823965040193,-1.16080997734715,-7.17083201556544,-1.43901042933371,-0.665490668757169
0.600000000000001,0.666666666666667,0.43428096,0.08931774,-3.94972498802455,-2.15828859929252,-1.16504050199358,-7.18773043401682,-1.42724605021996,-0.668195581094861
0.700000000000003,0.666666666666667,0.43447979,0.0893165,-3.95066730086538,-2.13101294481808,-1.16998862696317,-7.21073568100299,-1.41331145863952,-0.67160361300544
0.799999999999997,0.666666666666667,0.43459229,0.08941423,-3.95113975152954,-2.10470029531559,-1.17593987794101,-7.22985913362848,-1.40195164400053,-0.674201126854675
0.899999999999999,0.666666666666667,0.43460438,0.08959118,-3.95158088168882,-2.07457558786978,-1.18419876475797,-7.25171089507771,-1.38983322096735,-0.678726580237431
1,0.666666666666667,0.43472853,0.08966591,-3.95135757559866,-2.04158292147192,-1.1930055282071,-7.27038678739072,-1.37893373341086,-0.68208343236732
0,1,0.43332875,0.08872122,-3.63428437526003,-2.57860994374125,-1.11496154740341,-6.89278784159738,-1.67338529197367,-0.689053034665947
0.100000000000001,1,0.43347407,0.08875309,-3.63777989276802,-2.54865659788083,-1.11952495275613,-6.88184596660775,-1.65495353117639,-0.693960239699508
0.200000000000003,1,0.43349249,0.08885845,-3.64080348634388,-2.5184516930376,-1.12487863390046,-6.86939162357447,-1.63441117917807,-0.69744103552456
0.299999999999997,1,0.43368497,0.08894534,-3.64462815569071,-2.48746490744617,-1.13143544917726,-6.855255642062,-1.61691469083982,-0.702466982986439
0.399999999999999,1,0.4337556,0.08914047,-3.649381015142,-2.45048537059962,-1.13889269132908,-6.84492450783292,-1.59325259153708,-0.707420040182146
0.5,1,0.4338159,0.08915687,-3.65425644600964,-2.41579933787436,-1.14748137574761,-6.83286375727329,-1.57680406035509,-0.712771034059455
0.600000000000001,1,0.43395143,0.08931611,-3.65898101451626,-2.37338059602008,-1.15834964476382,-6.81981217710273,-1.55610043012906,-0.718463288974001
0.700000000000003,1,0.43412794,0.08949156,-3.66418222984328,-2.32798327531253,-1.17069717042721,-6.80667648160889,-1.5385062252151,-0.725000636900216
0.799999999999997,1,0.43443224,0.08971388,-3.6679839231148,-2.27514841351213,-1.18581150752955,-6.79039514932152,-1.51927942136513,-0.731610860060717
0.899999999999999,1,0.43473926,0.08997575,-3.67364191889554,-2.21267483764906,-1.20314324575836,-6.77671763904136,-1.50255874623268,-0.739054412880648
1,1,0.43507628,0.09044476,-3.67748361057485,-2.14183003539361,-1.22603322493474,-6.75600839224381,-1.49187996770182,-0.747725897967259
0,2,0.39975211,0.10683792,-3.0068889988303,-2.47642930585146,-0.903762830901086,-5.54752445618725,-2.68480580526356,-0.71594721052996
0.100000000000001,2,0.39999628,0.10706473,-3.0226381152333,-2.44185724996455,-0.920230603058572,-5.55652241967906,-2.6737545619077,-0.726739038431907
0.200000000000003,2,0.40032147,0.10741263,-3.04074970419672,-2.39572273536049,-0.937152221531332,-5.56859196611631,-2.67102079197404,-0.737561828558991
0.299999999999997,2,0.40082666,0.10792472,-3.05770536393093,-2.34787496976193,-0.956607458311121,-5.57836546201303,-2.67467211830661,-0.749936212592115
0.399999999999999,2,0.40141647,0.1085655,-3.07614575057157,-2.29100855762416,-0.979459593864901,-5.59116519305393,-2.68646823960129,-0.761212273038724
0.5,2,0.40231963,0.10944546,-3.09471662925873,-2.22709570282688,-1.00543833287376,-5.59588445598768,-2.7136139179056,-0.775626611371316
0.600000000000001,2,0.40354811,0.11055094,-3.11339439743546,-2.15665714460054,-1.03705832055,-5.60136844127099,-2.76138397531395,-0.790991049735735
0.700000000000003,2,0.40507659,0.11206784,-3.13140761357071,-2.07108672724249,-1.07070232849002,-5.5977176469442,-2.83440326806899,-0.807797601157221
0.799999999999997,2,0.40708349,0.11412256,-3.14964212967984,-1.97188605062995,-1.11234784092776,-5.58779852597711,-2.9492613308028,-0.826023051171961
0.899999999999999,2,0.40971559,0.11680672,-3.16449084505509,-1.85815957562949,-1.15703036794993,-5.56518331492064,-3.13419981419918,-0.845617627072548
1,2,0.41327279,0.12023378,-3.17710563886046,-1.72622109467995,-1.20856437283656,-5.53129544421674,-3.43382833929272,-0.868835088163868
